###############################################################################
# Parameters for Santiago tracking in one lever arm of the MDC
# Format:
# sector lever  corrX  corrY  errDiffX  errDiffY errDiff errDiff  alpha
#         arm                                    XSlope   YSlope
###############################################################################
[MdcSegmentFPar]
    0      0     0.22   0.29     2         1      0.1       0.1     3
    1      0     0.22   0.29     2         1      0.1       0.1     3 
    2      0     0.22   0.29     2         1      0.1       0.1     3 	
    3      0     0.22   0.29     2         1      0.1       0.1     3 	
    4      0     0.22   0.29     2         1      0.1       0.1     3 	
    5      0     0.22   0.29     2         1      0.1       0.1     3 	
###############################################################################
###############################################################################
# Parameters for Santiago tracking in one lever arm of the MDC
# Format:
# sector lever    cosn    sinn      t1     t2       t3  MDC1-MDC2 / MDC3-MDC4  
#         arm                      (mm)   (mm)     (mm)     
#                 cosn    sinn      t1     t2       t3  MDC2-SEC / MDC4-SEC
#                                  (mm)   (mm)     (mm)
###############################################################################
[MdcLeverArmGeometry]
    0     0    0.985411  -0.17019    0.    -95.790   -168.321                                 0.587861   0.808962   0.     584.831   424.988
    0     1       1            0     0.    -226.774  -196.392                                 0.654654   0.755929   0.	  1267.451  1097.645
    1     0    0.985411  -0.17019    0.     -95.790  -168.321                                 0.587861   0.808962   0.     584.831   424.988
    1     1       1            0     0.    -226.774  -196.392                                 0.654654   0.755929   0.	  1267.451  1097.645	
    2     0    0.985411  -0.17019    0.     -95.790  -168.321                                 0.587861   0.808962   0.     584.831   424.988
    2     1       1            0     0.    -226.774  -196.392                                 0.654654   0.755929   0.	  1267.451  1097.645	
    3     0    0.985411  -0.17019    0.     -95.790  -168.321                                 0.587861   0.808962   0.     584.831   424.988
    3     1       1            0     0.    -226.774  -196.392                                 0.654654   0.755929   0.	  1267.451  1097.645	
    4     0    0.985411  -0.17019    0.     -95.790  -168.321                                 0.587861   0.808962   0.     584.831   424.988
    4     1       1            0     0.    -226.774  -196.392                                 0.654654   0.755929   0.	  1267.451  1097.645	
    5     0    0.985411  -0.17019    0.     -95.790  -168.321                                 0.587861   0.808962   0.     584.831   424.988
    5     1       1            0     0.    -226.774  -196.392                                 0.654654   0.755929   0.	  1267.451  1097.645	
###############################################################################
###############################################################################
# Reconstruction parameters for Santiago tracking of the MDC
# Format:
# sect mod  minNum  maxNum   maxChi road  max    min    max    min   dist zHit
#            Hits CommonHits        (mm) SlopeX SlopeX SlopeY SlopeY ZAxis
###############################################################################
[MdcHitFPar]
  0    0      6       2        5.  0.24   1      -1     1     -1     60     0
  0    1      6       2        5.  0.384  0.6    -0.75  0.75  -0.9   60     0
  0    2      6       2        5.  0.960  2      -2     2     -2      0     0
  0    3      6       2        5.  1.120  2      -2     2     -2      0     0
  1    0      6       2        5.  0.24   1      -1     1     -1     60     0
  1    1      6       2        5.  0.384  0.6    -0.75  0.75  -0.9   60     0
  1    2      6       2        5.  0.768  2      -2     2     -2      0     0
  1    3      6       2        5.  0.896  2      -2     2     -2      0     0
  2    0      6       2        5.  0.24   1      -1     1     -1     60     0
  2    1      6       2        5.  0.384  0.6    -0.75  0.75  -0.9   60     0
  2    2      6       2        5.  0.768  2      -2     2     -2      0     0
  2    3      6       2        5.  0.896  2      -2     2     -2      0     0
  3    0      6       2        5.  0.24   1      -1     1     -1     60     0
  3    1      6       2        5.  0.384  0.6    -0.75  0.75  -0.9   60     0
  3    2      6       2        5.  0.768  2      -2     2     -2      0     0
  3    3      6       2        5.  0.896  2      -2     2     -2      0     0
  4    0      6       2        5.  0.24   1      -1     1     -1     60     0
  4    1      6       2        5.  0.384  0.6    -0.75  0.75  -0.9   60     0
  4    2      6       2        5.  0.768  2      -2     2     -2      0     0
  4    3      6       2        5.  0.896  2      -2     2     -2      0     0
  5    0      6       2        5.  0.24   1      -1     1     -1     60     0
  5    1      6       2        5.  0.384  0.6    -0.75  0.75  -0.9   60     0
  5    2      6       2        5.  0.768  2      -2     2     -2      0     0
  5    3      6       2        5.  0.896  2      -2     2     -2      0     0
###############################################################################
###############################################################################
# Geometrical parameters for Santiago tracking of the MDC
# Format:
# sector  module  layer 
# zplane: z coordinate of plane   (mm)
# angle: orientation of wires in layer (deg)
# cosn    
# sinn   
# sgpln: sigma of layer (mm)
# pitch   (mm)
# catdistance: distance between cathodes (mm)
# firstWirePos: position of first wire (mm)
# centralWire: number of central wire
# maxNumCells: maximum number of cells in layer
###############################################################################
[MdcModuleGeometry]
 0  0  0  -12.5    40.  0.76604 0.64279 0.08   5    5   262.5  53.5  168
 0  0  1   -7.5   -20. -0.9396  0.34202 0.08   5    5  -300    61.   173
 0  0  2   -2.5     0. -1.      0       0.08   5    5  -302.5  61.5  156
 0  0  3    2.5     0. -1.      0       0.08   5    5  -305.0  62.   157
 0  0  4    7.5    20.  0.93969 0.34202 0.08   5    5   307.5  62.5  176
 0  0  5   12.5   -40. -0.76604 0.64279 0.08   5    5  -275.0  56.   176
 0  1  0  -11.25   40.  0.76604 0.64279 0.096  6    5   495.0  83.5  184
 0  1  1   -6.25  -20. -0.9396  0.34202 0.096  6    5  -582.0  98.   192
 0  1  2   -1.25    0. -1.      0.      0.096  6    5  -585.0  98.5  172
 0  1  3    3.75    0. -1.      0       0.096  6    5  -582.0  98.   172
 0  1  4    8.75   20.  0.93969 0.34202 0.096  6    5   579.0  97.5  192 
 0  1  5   13.75  -40. -0.76604 0.64279 0.096  6    5  -516.0  87.   192
 0  2  0  -20.     40.  0.76604 0.64279 0.192 12    8   846.0  71.5  187
 0  2  1  -12.    -20. -0.9396  0.34202 0.192 12    8  -972.0  82.   191
 0  2  2  -4.       0. -1.      0       0.192 12    8  -990.0  83.5  171
 0  2  3    4.      0. -1.      0       0.192 12    8  -984.0  83.   170
 0  2  4   12.     20.  0.93969 0.34202 0.192 12    8   978.0  82.5  191
 0  2  5   20.    -40. -0.76604 0.64279 0.192 12    8  -852.0  72.   188
 0  3  0  -24.35   40.  0.76604 0.64279 0.224 14   10  1015.0  73.5  192
 0  3  1  -14.61  -20. -0.9396  0.34202 0.224 14   10 -1064.0  77.   200
 0  3  2   -4.87    0. -1.      0       0.224 14   10 -1239.0  89.5  184
 0  3  3    4.87    0. -1.      0       0.224 14   10 -1246.0  90.   184
 0  3  4   14.61   20.  0.93969 0.34202 0.224 14   10  1253.0  90.5  208
 0  3  5   24.35  -40. -0.76604 0.64279 0.224 14   10 -1064.0  77.   200
 1  0  0  -12.5    40.  0.76604 0.64279 0.08   5    5   267.5  53.5  168
 1  0  1   -7.5   -20. -0.9396  0.34202 0.08   5    5  -305.   61.   173
 1  0  2   -2.5     0. -1.      0       0.08   5    5  -307.5  61.5  156
 1  0  3    2.5     0. -1.      0       0.08   5    5  -310.   62.   157
 1  0  4    7.5    20.  0.93969 0.34202 0.08   5    5   312.5  62.5  176
 1  0  5   12.5   -40. -0.76604 0.64279 0.08   5    5  -280.   56.   176
 1  1  0  -11.25   40.  0.76604 0.64279 0.096  6    5   501.0  83.5  184
 1  1  1   -6.25  -20. -0.9396  0.34202 0.096  6    5  -588.0  98.   192
 1  1  2   -1.25    0. -1.      0.      0.096  6    5  -591.0  98.5  172
 1  1  3    3.75    0. -1.      0       0.096  6    5  -588.0  98.   172
 1  1  4    8.75   20.  0.93969 0.34202 0.096  6    5   588.0  97.5  192
 1  1  5   13.75  -40. -0.76604 0.64279 0.096  6    5  -522.0  87.   192
 1  2  0  -20.     40.  0.76604 0.64279 0.192 12    8   846.0  71.5  187
 1  2  1  -12.    -20. -0.9396  0.34202 0.192 12    8  -972.0  82.   191
 1  2  2  -4.       0. -1.      0       0.192 12    8  -990.0  83.5  171
 1  2  3    4.      0. -1.      0       0.192 12    8  -984.0  83.   170
 1  2  4   12.     20.  0.93969 0.34202 0.192 12    8   978.0  82.5  191
 1  2  5   20.    -40. -0.76604 0.64279 0.192 12    8  -852.0  72.   188
 1  3  0  -24.35   40.  0.76604 0.64279 0.224 14   10  1015.0  73.5  192
 1  3  1  -14.61  -20. -0.9396  0.34202 0.224 14   10 -1064.0  77.   200
 1  3  2   -4.87    0. -1.      0       0.224 14   10 -1239.0  89.5  184
 1  3  3    4.87    0. -1.      0       0.224 14   10 -1246.0  90.   184
 1  3  4   14.61   20.  0.93969 0.34202 0.224 14   10  1253.0  90.5  208
 1  3  5   24.35  -40. -0.76604 0.64279 0.224 14   10 -1064.0  77.   200
 2  0  0  -12.5    40.  0.76604 0.64279 0.08   5    5   262.5  53.5  168
 2  0  1   -7.5   -20. -0.9396  0.34202 0.08   5    5  -300    61.   173
 2  0  2   -2.5     0. -1.      0       0.08   5    5  -302.5  61.5  156
 2  0  3    2.5     0. -1.      0       0.08   5    5  -305.0  62.   157
 2  0  4    7.5    20.  0.93969 0.34202 0.08   5    5   307.5  62.5  176
 2  0  5   12.5   -40. -0.76604 0.64279 0.08   5    5  -275.0  56.   176
 2  1  0  -11.25   40.  0.76604 0.64279 0.096  6    5   495.0  83.5  184
 2  1  1   -6.25  -20. -0.9396  0.34202 0.096  6    5  -582.0  98.   192
 2  1  2   -1.25    0. -1.      0.      0.096  6    5  -585.0  98.5  172
 2  1  3    3.75    0. -1.      0       0.096  6    5  -582.0  98.   172
 2  1  4    8.75   20.  0.93969 0.34202 0.096  6    5   579.0  97.5  192 
 2  1  5   13.75  -40. -0.76604 0.64279 0.096  6    5  -516.0  87.   192
 2  2  0  -20.     40.  0.76604 0.64279 0.192 12    8   846.0  71.5  187
 2  2  1  -12.    -20. -0.9396  0.34202 0.192 12    8  -972.0  82.   191
 2  2  2  -4.       0. -1.      0       0.192 12    8  -990.0  83.5  171
 2  2  3    4.      0. -1.      0       0.192 12    8  -984.0  83.   170
 2  2  4   12.     20.  0.93969 0.34202 0.192 12    8   978.0  82.5  191
 2  2  5   20.    -40. -0.76604 0.64279 0.192 12    8  -852.0  72.   188
 2  3  0  -24.35   40.  0.76604 0.64279 0.224 14   10  1015.0  73.5  192
 2  3  1  -14.61  -20. -0.9396  0.34202 0.224 14   10 -1064.0  77.   200
 2  3  2   -4.87    0. -1.      0       0.224 14   10 -1239.0  89.5  184
 2  3  3    4.87    0. -1.      0       0.224 14   10 -1246.0  90.   184
 2  3  4   14.61   20.  0.93969 0.34202 0.224 14   10  1253.0  90.5  208
 2  3  5   24.35  -40. -0.76604 0.64279 0.224 14   10 -1064.0  77.   200
 3  0  0  -12.5    40.  0.76604 0.64279 0.08   5    5   262.5  53.5  168
 3  0  1   -7.5   -20. -0.9396  0.34202 0.08   5    5  -300    61.   173
 3  0  2   -2.5     0. -1.      0       0.08   5    5  -302.5  61.5  156
 3  0  3    2.5     0. -1.      0       0.08   5    5  -305.0  62.   157
 3  0  4    7.5    20.  0.93969 0.34202 0.08   5    5   307.5  62.5  176
 3  0  5   12.5   -40. -0.76604 0.64279 0.08   5    5  -275.0  56.   176
 3  1  0  -11.25   40.  0.76604 0.64279 0.096  6    5   495.0  83.5  184
 3  1  1   -6.25  -20. -0.9396  0.34202 0.096  6    5  -582.0  98.   192
 3  1  2   -1.25    0. -1.      0.      0.096  6    5  -585.0  98.5  172
 3  1  3    3.75    0. -1.      0       0.096  6    5  -582.0  98.   172
 3  1  4    8.75   20.  0.93969 0.34202 0.096  6    5   579.0  97.5  192 
 3  1  5   13.75  -40. -0.76604 0.64279 0.096  6    5  -516.0  87.   192
 3  2  0  -20.     40.  0.76604 0.64279 0.192 12    8   846.0  71.5  187
 3  2  1  -12.    -20. -0.9396  0.34202 0.192 12    8  -972.0  82.   191
 3  2  2  -4.       0. -1.      0       0.192 12    8  -990.0  83.5  171
 3  2  3    4.      0. -1.      0       0.192 12    8  -984.0  83.   170
 3  2  4   12.     20.  0.93969 0.34202 0.192 12    8   978.0  82.5  191
 3  2  5   20.    -40. -0.76604 0.64279 0.192 12    8  -852.0  72.   188
 3  3  0  -24.35   40.  0.76604 0.64279 0.224 14   10  1015.0  73.5  192
 3  3  1  -14.61  -20. -0.9396  0.34202 0.224 14   10 -1064.0  77.   200
 3  3  2   -4.87    0. -1.      0       0.224 14   10 -1239.0  89.5  184
 3  3  3    4.87    0. -1.      0       0.224 14   10 -1246.0  90.   184
 3  3  4   14.61   20.  0.93969 0.34202 0.224 14   10  1253.0  90.5  208
 3  3  5   24.35  -40. -0.76604 0.64279 0.224 14   10 -1064.0  77.   200
 4  0  0  -12.5    40.  0.76604 0.64279 0.08   5    5   262.5  53.5  168
 4  0  1   -7.5   -20. -0.9396  0.34202 0.08   5    5  -300    61.   173
 4  0  2   -2.5     0. -1.      0       0.08   5    5  -302.5  61.5  156
 4  0  3    2.5     0. -1.      0       0.08   5    5  -305.0  62.   157
 4  0  4    7.5    20.  0.93969 0.34202 0.08   5    5   307.5  62.5  176
 4  0  5   12.5   -40. -0.76604 0.64279 0.08   5    5  -275.0  56.   176
 4  1  0  -11.25   40.  0.76604 0.64279 0.096  6    5   495.0  83.5  184
 4  1  1   -6.25  -20. -0.9396  0.34202 0.096  6    5  -582.0  98.   192
 4  1  2   -1.25    0. -1.      0.      0.096  6    5  -585.0  98.5  172
 4  1  3    3.75    0. -1.      0       0.096  6    5  -582.0  98.   172
 4  1  4    8.75   20.  0.93969 0.34202 0.096  6    5   579.0  97.5  192 
 4  1  5   13.75  -40. -0.76604 0.64279 0.096  6    5  -516.0  87.   192
 4  2  0  -20.     40.  0.76604 0.64279 0.192 12    8   846.0  71.5  187
 4  2  1  -12.    -20. -0.9396  0.34202 0.192 12    8  -972.0  82.   191
 4  2  2  -4.       0. -1.      0       0.192 12    8  -990.0  83.5  171
 4  2  3    4.      0. -1.      0       0.192 12    8  -984.0  83.   170
 4  2  4   12.     20.  0.93969 0.34202 0.192 12    8   978.0  82.5  191
 4  2  5   20.    -40. -0.76604 0.64279 0.192 12    8  -852.0  72.   188
 4  3  0  -24.35   40.  0.76604 0.64279 0.224 14   10  1015.0  73.5  192
 4  3  1  -14.61  -20. -0.9396  0.34202 0.224 14   10 -1064.0  77.   200
 4  3  2   -4.87    0. -1.      0       0.224 14   10 -1239.0  89.5  184
 4  3  3    4.87    0. -1.      0       0.224 14   10 -1246.0  90.   184
 4  3  4   14.61   20.  0.93969 0.34202 0.224 14   10  1253.0  90.5  208
 4  3  5   24.35  -40. -0.76604 0.64279 0.224 14   10 -1064.0  77.   200
 5  0  0  -12.5    40.  0.76604 0.64279 0.08   5    5   262.5  53.5  168
 5  0  1   -7.5   -20. -0.9396  0.34202 0.08   5    5  -300    61.   173
 5  0  2   -2.5     0. -1.      0       0.08   5    5  -302.5  61.5  156
 5  0  3    2.5     0. -1.      0       0.08   5    5  -305.0  62.   157
 5  0  4    7.5    20.  0.93969 0.34202 0.08   5    5   307.5  62.5  176
 5  0  5   12.5   -40. -0.76604 0.64279 0.08   5    5  -275.0  56.   176
 5  1  0  -11.25   40.  0.76604 0.64279 0.096  6    5   495.0  83.5  184
 5  1  1   -6.25  -20. -0.9396  0.34202 0.096  6    5  -582.0  98.   192
 5  1  2   -1.25    0. -1.      0.      0.096  6    5  -585.0  98.5  172
 5  1  3    3.75    0. -1.      0       0.096  6    5  -582.0  98.   172
 5  1  4    8.75   20.  0.93969 0.34202 0.096  6    5   579.0  97.5  192 
 5  1  5   13.75  -40. -0.76604 0.64279 0.096  6    5  -516.0  87.   192
 5  2  0  -20.     40.  0.76604 0.64279 0.192 12    8   846.0  71.5  187
 5  2  1  -12.    -20. -0.9396  0.34202 0.192 12    8  -972.0  82.   191
 5  2  2  -4.       0. -1.      0       0.192 12    8  -990.0  83.5  171
 5  2  3    4.      0. -1.      0       0.192 12    8  -984.0  83.   170
 5  2  4   12.     20.  0.93969 0.34202 0.192 12    8   978.0  82.5  191
 5  2  5   20.    -40. -0.76604 0.64279 0.192 12    8  -852.0  72.   188
 5  3  0  -24.35   40.  0.76604 0.64279 0.224 14   10  1015.0  73.5  192
 5  3  1  -14.61  -20. -0.9396  0.34202 0.224 14   10 -1064.0  77.   200
 5  3  2   -4.87    0. -1.      0       0.224 14   10 -1239.0  89.5  184
 5  3  3    4.87    0. -1.      0       0.224 14   10 -1246.0  90.   184
 5  3  4   14.61   20.  0.93969 0.34202 0.224 14   10  1253.0  90.5  208
 5  3  5   24.35  -40. -0.76604 0.64279 0.224 14   10 -1064.0  77.   200
###############################################################################
########################################################
# Target geometry parameters for Santiago tracking of the MDC
# Format:
# xdim  ydim    sector   module  zposition
# (mm)  (mm)                        (mm)
########################################################
[MdcTargetGeometry]
   50.   50.
		  0           0      -562.829674071
		  0           1      -722.93992609
		  1           0      -562.829674071
		  1           1      -722.93992609
		  2           0      -562.829674071
		  2           1      -722.93992609
		  3           0      -562.829674071
		  3           1      -722.93992609
		  4           0      -562.829674071
		  4           1      -722.93992609
		  5           0      -562.829674071
		  5           1      -722.93992609
########################################################





















