 5.52538e-02  
-9.31843e-03  
 1.16481e-03  
-3.33696e-05  
 5.71041e-07  
-2.31680e-09  
-5.67066e-11  
 4.51284e-13  



 1.79538e-02  
-2.15407e-03  
 3.27217e-04  
-3.34731e-06  
-9.92659e-08  
 5.07335e-09  
-8.02634e-11  
 3.96567e-13  



 0.00000e+00  
-0.00000e+00  
-0.00000e+00  
-0.00000e+00  
-0.00000e+00  
-0.00000e+00  
-0.00000e+00  
-0.00000e+00  



 1.45935e-02  
-6.05396e-03  
 4.82922e-04  
-3.75068e-05  
 1.23672e-06  
-2.27935e-08  
 2.22537e-10  
-8.50310e-13  



 7.67258e-02  
-2.39025e-02  
 2.10699e-03  
-1.31230e-04  
 4.00056e-06  
-6.87303e-08  
 6.25828e-10  
-2.26247e-12  